function [af, sf] = dualfilt1

% [af, sf] = dualfilt1
% filters for the 1D dual-tree wavelet transform. 
% af{i}: analysis filters for tree i
% sf{i}: synthesis filters for tree i
%
% note: af{2} is the reverse of af{1}

af{1} = [
   0.03516384000000                  0
                  0                  0
  -0.08832942000000  -0.11430184000000
   0.23389032000000                  0
   0.76027237000000   0.58751830000000
   0.58751830000000  -0.76027237000000
                  0   0.23389032000000
  -0.11430184000000   0.08832942000000
                  0                  0
                  0  -0.03516384000000
 ];
 
af{2} = [
                  0  -0.03516384000000
                  0                  0
  -0.11430184000000   0.08832942000000
                  0   0.23389032000000
   0.58751830000000  -0.76027237000000
   0.76027237000000   0.58751830000000
   0.23389032000000                  0
  -0.08832942000000  -0.11430184000000
                  0                  0
   0.03516384000000                  0
];

sf{1} = af{1}(end:-1:1, :);
 
sf{2} = af{2}(end:-1:1, :);

end