function [af, sf] = FSfarras
%For a technical reason we skip here, the filters used in the first stage
%of the dual-tree complex DWT should be different from the filters used in
%the remaining stages. One set of filters for the first stage are given by
%the function FSfarras.m. (FS for First Stage.) These filters are the same
%as those of farras.m, but they have specific alignments with respect to
%each other.

af{1} = [
                  0                  0
  -0.08838834764832  -0.01122679215254
   0.08838834764832   0.01122679215254
   0.69587998903400   0.08838834764832
   0.69587998903400   0.08838834764832
   0.08838834764832  -0.69587998903400
  -0.08838834764832   0.69587998903400
   0.01122679215254  -0.08838834764832
   0.01122679215254  -0.08838834764832
                  0                  0
 ];
   
sf{1} = af{1}(end:-1:1, :);

af{2} = [
   0.01122679215254                  0
   0.01122679215254                  0
  -0.08838834764832  -0.08838834764832
   0.08838834764832  -0.08838834764832
   0.69587998903400   0.69587998903400
   0.69587998903400  -0.69587998903400
   0.08838834764832   0.08838834764832
  -0.08838834764832   0.08838834764832
                  0   0.01122679215254
                  0  -0.01122679215254
];

sf{2} = af{2}(end:-1:1, :);

end